 42.55678 43.59295 43.56015 43.39372 42.37354 38.91260 36.76556 35.59129 35.01382 35.38200
 37.16134 39.38032 40.67467 41.28448 41.85657 42.49844 43.20121 41.66036 41.97479 42.20135
 42.05516 41.99698 41.99542 42.39190 42.12361 41.73958 41.04554 40.48525 41.07169 43.20235
 43.45345 41.74702 41.78292 42.20881 40.76923 37.77584 35.44897 34.81167 33.63863 34.28133
 36.60502 37.35745 41.68166 44.61925 44.85557 42.59322 40.64064 39.86110 41.93812 43.35806
 43.05067 44.23752 44.43460 43.41461 42.27916 42.06071 41.10229 38.66110 37.07886 36.20121
 34.93701 36.07766 37.61502 38.53720 39.77097 39.25806 38.75015 39.10899 39.41130 39.79188
 39.88721 40.22059 40.47286 41.09742 40.12068 39.93117 40.84981 41.57832 41.03147 39.24194
 37.50337 37.48625 36.59676 36.82844 38.14123 37.68368 38.56325 40.63408 42.15003 43.41176
 42.96322 41.32579 39.85321 38.24922 37.65094 40.83626 42.19119 43.25773 42.84846 40.34063
