 51.42785 51.82971 51.70404 52.39558 51.12828 51.54986 51.48589 52.21695 50.80552
 49.05086 48.20703 49.03033 47.58539 46.55664 46.99467 46.57633 47.33666 47.44614
 48.61319 47.50064 48.03765 48.90737 49.09581 48.57955 48.81799 48.03448 48.06993
 50.37916 49.29107 48.90649 49.25686 50.18971 51.12675 52.13535 51.81089 50.80619
 50.31436 48.57259 48.84068 48.86780 48.42846 49.46396 49.92264 50.04969 52.35179
 49.99775 50.91827 50.57107 51.24508 52.08181 49.91187 50.48369 51.24484 51.09556
 51.19578 51.86561 50.67654 50.77034 48.79788 50.20198 48.78038 49.38785 48.72822
 48.76719 50.61777 47.72491 47.34543 47.98579 49.54846 48.01108 48.77912 50.16650
 49.81633 50.08334 49.21269 47.41761 45.09062 44.82759 45.05975 46.06523 48.43017
 49.80164 50.25489 50.32396 51.16590 51.73642 50.30519 50.75507 50.70028 50.71013
 51.28245 49.90351 48.07426 49.51908 50.04102 50.75023 50.54365 49.62131 48.88106
49.15553
