18.67302 19.24337 17.28287 17.32253 18.69328 19.61600 20.73699 20.81090
20.06710 17.42452 16.57579 17.47848 19.18270 18.33859 16.88863 17.56663
19.13204 18.41764 17.02866 17.51541 17.64904 16.59796 16.75078 17.15996
18.87321 20.14158 18.65667 18.00004 18.73797 19.46281 17.75232 15.90371
17.61381 17.70812 16.94182 18.11871 17.48510 18.16219 18.32680 19.14376
17.40529 15.26777 16.37261 18.66727 20.06059 18.34000 18.24814 16.93112
16.74746 17.33595 18.52098 18.19920 17.85531 17.28393 18.87536 20.22682
18.65603 18.02869 18.48434 18.80330 19.21989 18.69666 18.98271 18.47189
17.56694 18.67744 17.39375 16.96539 18.08432 17.93223 16.48773 15.88972
17.33113 17.99644 17.69607 18.86958 19.11825 18.57961 17.68060 18.38709
17.04864 16.18460 17.27458 18.46523 19.15517 19.41266 19.66114 18.65660
18.90697 19.14447 17.79420 15.84074 18.40278 20.43039 18.39952 18.81450
17.64280 16.27643 17.81975 18.84987
