 -1.06622162 -1.61377475 -2.69335743 -3.67936018 -4.94380084 -3.83115916
 -2.62120383 -0.80082486  1.08419115  0.79176360 -0.74152179 -1.70534340 -2.14547962
 -1.01357586 -0.12993907 -0.07079153  0.35563696  1.85355849  4.09913528  4.67258779
  4.28640641  4.93907355  3.55427626  1.91001553  0.83694980 -0.30532809 -0.99118307
  0.12855388  0.57866517  1.53115519  2.10651152  3.05186158  3.81592044  5.00802258
  7.63384042  8.55943435  9.27593924 10.10117985 11.27231536 12.93929743 15.77839063
 17.06022471 16.14130862 16.58891641 18.62352142 19.96677570 21.05685327 22.47058900
 25.34604656 26.64491011 26.52048203 25.83650816 24.36023813 22.14680899 22.16059777
 22.96947750 20.73806683 21.24048107 18.77602341 17.28577475 16.27038968 16.25757559
 14.40557808 14.14293311 13.77811891 13.79127821 14.76804520 15.05112072 13.97156012
12.98077725 13.62243842 13.63976134 13.78933864 14.39592429 14.80125142 16.05294888
 16.74085493 18.15752238 18.17704814 19.67063639 19.74852098 19.61624743 20.34315079
 20.76099595 23.48513010 24.44538781 24.02424191 25.77511224 26.07413245 25.07255688
 23.88791252 23.35388792 24.47462682 24.03134653 24.20799291 24.09980828 23.23044135
 21.73871886 20.79023999 19.12996770
