-0.194508   -1.123861   -1.431073   -3.012766   -4.544084
 -5.523687   -7.580120   -9.503146  -11.703392  -13.089195  -14.609637  -16.362017
 -19.471628  -22.515863  -24.499177  -27.854931  -30.886234  -33.885038  -36.084995
  -39.011191  -42.202391  -45.621618  -48.710460  -53.139919  -54.685208  -59.007183
  -61.188554  -63.820695  -64.931204  -66.018005  -68.273371  -68.888348  -68.917071
  -69.860605  -70.586355  -72.119396  -73.505996  -74.723532  -75.956552  -77.865747
  -80.689468  -82.997070  -85.447578  -86.962316  -88.840634  -90.561861  -90.701154
  -92.358294  -93.986179  -94.737740  -95.492678  -98.840679 -101.998670 -105.399019
 -108.340687 -111.117321 -115.320729 -121.134565 -125.377673 -127.759971 -131.900156
 -134.853076 -139.429222 -143.518232 -148.115933 -151.919877 -156.382605 -160.263571
 -164.340873 -168.912048 -171.542172 -174.717814 -178.094732 -180.952023 -184.068881
 -186.375975 -189.287042 -191.348918 -194.161835 -198.257850 -200.285654 -200.997000
 -203.613101 -207.096885 -208.392656 -209.542305 -210.491343 -212.707828 -214.532134
 -216.511926 -218.749453 -220.836115 -222.257108 -223.643793 -225.519646 -227.366864
 -227.097387 -226.818418 -226.628472 -227.356757
