 10.822142  9.676759 11.683734 12.438386  9.226886 12.040147 12.053328 10.796051 11.977429
 10.076814  9.509358  9.415028 11.963374 11.817996 10.677589 10.785783 11.490471 10.044592
 11.316668 11.684049 10.249348 10.967290 11.306876 10.580858 10.833417 11.418325 11.448694
 11.309122 11.268575 13.400268 12.745549 11.166899 11.472440 10.535258 12.562472 11.926389
  9.897818  9.875648 12.203268 10.962225 12.477914  9.336684  9.626014 11.894179 13.103188
 11.705667 10.498459 10.429783 10.070207  8.965091 10.542797 12.116839 12.589653 12.501848
 11.242481 11.088066  9.310959  9.980958 13.595278 11.832410 10.483387 10.988130 12.341614
  9.378286  9.273171  9.239429 10.290203 12.937410 10.080171  8.731526  9.914979 12.272376
 11.210957  9.194654 10.109105 10.922038 10.154086 11.550511 12.157128  9.646724 10.487039
 11.065828  9.978233 13.315734 11.786658  9.569475 12.500228 12.272989 11.387297 12.899959
  9.827389  9.408948 11.673924  8.007475 10.265897 10.816462 10.267829 12.328938  9.202341
  9.131433
