6749
6538
5928
6125
5852
4743
4279
4525
4806
4796
5055
5847
6438
5846
5250
4558
4948
4048
4339
4457
4158
4701
4587
6067
7398
7307
5943
5228
5248
4772
4713
4788
4242
4490
4485
4990
6472
6021
5147
4589
5268
4006
4240
4265
4092
4549
4677
5748
7374
6585
5631
5538
5576
4775
4669
4758
4961
4831
5395
6368
7059
6005
5402
4470
4858
4679
4784
5270
4754
5916
5572
6601
6862
6236
6483
5986
5728
4667
4462
5294
4275
4458
5493
5440
6280
5404
4967
3428
3751
3687
4805
4874
4023
5108
5365
5634
6897
6834
5006
4660
5069
2931
3692
3550
3910
4501
4850
7846
7051
6055
6387
4997
4932
4171
4389
5018
4431
4727
5599
5311
