1501.00 
1436.50
1377.20
1356.80
1342.80
1307.10
1366.40
1392.60
1427.40
1634.60
1663.00
1701.00
1796.50
1778.50
1676.90
1623.60
1614.70
1583.30
1602.70
1675.20
1815.00
1785.30
1756.80
1897.00
1947.20
1985.80
1975.70
1939.10
1915.60
1826.90
1876.90
1888.70
2073.60
1934.80
2002.70
2084.30
2188.90
2110.50
2080.30
2017.60
2046.80
1968.20
2135.90
2212.40
2282.60
2475.00
2491.10
2628.50
2608.70
2609.70
2503.10
2432.00
2455.50
2346.60
2449.90
2508.10
2693.30
2614.50
2704.30
2859.00
2882.20
2851.80
2692.20
2658.10
2640.70
2525.80
2609.40
2652.10
2923.40
2761.90
2875.70
3038.40
3021.70
3078.10
2901.40
2836.60
2809.50
2698.80
2750.10
2755.30
2897.90
3043.10
2997.60
3215.70
3180.10
3178.00
3077.90
3059.40
3049.10
2934.40
3000.60
3053.90
3444.50
3266.20
3379.80
3586.00
3706.00
3515.50
3476.70
3457.70
3462.10
3415.40
3522.60
3571.40
3596.90
4286.30
3983.40
4367.60
4293.20
4384.50
4281.40
4323.90
4282.30
4145.50
4295.10
4388.50
4769.30
4735.30
4777.40
5051.00